Anzahl Punkte:50
unveränderte Strucktur: 
 0: 6905  6931  6896  6953  7043  6952  6996  7051  7001  6995  7066  6855  6838  6690  6796  6777  6904  6829  6910  6925  6946  6910  6962  6921  7106  7051  6796  6777  6892  6955  6930  7003  7067  6964  6925  6993  6857  6851  7038  6931  6983  6885  6953  6959  6939  7016  7132  6813  6892  7122  
 1: 6787  6718  6739  6793  6707  6861  6871  6901  6879  6853  6744  7010  6894  6757  6758  6762  6702  6741  6895  6914  6874  6730  6784  6756  6779  6770  6955  6868  6712  6822  6860  6964  6876  6850  6795  6866  6924  6849  6779  6795  6649  6681  6838  6833  6954  6798  6649  6801  6767  6490  
 2: 6790  6866  6878  6918  6863  6857  6896  6820  6801  6835  6783  6799  6802  6881  6857  6908  6915  6933  6881  6765  6820  6820  6908  6832  6863  6905  6893  6890  6976  6918  6899  6808  6750  6817  6820  6823  6835  6863  6851  6899  6872  6951  6869  6790  6790  6841  6832  6869  6887  6896  
 3: 6885  6790  6839  6732  6879  6815  6930  6979  6946  7083  7223  6982  7089  7049  6900  6955  6775  6927  7013  6970  6982  6997  7086  6924  7119  7132  6997  6869  6876  6854  6879  6869  6903  7049  7199  6839  7031  6918  6778  6735  6888  6924  6888  7049  6912  6997  6854  6812  6821  6933  
 4: 7093  6688  6493  6723  6533  6818  6893  6793  6883  7073  6958  7033  7008  6783  6788  6738  6683  6968  6928  7068  6758  6918  6718  6313  6763  6688  6653  6638  6738  6778  6798  6923  6908  7063  6938  7238  6848  7183  6948  6743  6773  6803  6963  6793  6853  6823  6698  6858  6523  6883  
 5: 6957  6944  7084  6898  6859  6953  6736  6949  7096  6828  6804  6968  6978  6956  6961  6846  6947  6807  6738  6710  7127  6790  6855  6893  7004  6781  6963  6869  6908  6914  6857  6779  6866  6883  6882  7013  7020  6963  7020  6834  6991  6870  6794  6928  6860  6850  6842  6843  6955  6854  
 6: 6245  6880  6700  6775  6580  6685  6695  6745  6655  6665  6865  6575  6760  6720  6650  6580  6625  6705  6675  6680  6575  6675  6660  6690  6535  7045  6655  6660  6625  6655  6690  6720  6620  6745  6785  6780  6600  6625  6675  6730  6685  6705  6680  6780  6690  6785  6785  6595  6800  6860  
 7: 6909  6940  6961  6952  6952  6985  7010  7034  7058  7058  6973  6876  6885  6985  6952  6961  6860  6796  6936  6833  6821  6879  6866  6778  6879  6882  6903  6851  6848  6842  6903  6933  6943  6863  6851  6879  6799  6863  6891  6885  6821  6854  6851  6824  6723  6732  6799  6879  6888  6897  
 8: 6893  6928  6843  6926  7004  6993  6978  6882  6870  6950  6983  6895  6881  6948  6964  7043  7020  6982  6923  6961  6960  7000  6749  6953  6787  6793  6829  7006  6995  6919  6896  6783  6869  6931  6900  6792  6973  6905  6883  6956  6960  6892  6942  6908  6794  6779  6896  7018  7058  6892  
 9: 6721  6721  6666  6712  6766  6645  6693  6727  6678  6654  6678  6709  6721  6684  6709  6727  6797  6788  6742  6763  6745  6684  6718  6724  6742  6696  6690  6687  6733  6766  6730  6675  6663  6605  6693  6721  6724  6712  6715  6721  6782  6736  6763  6776  6727  6690  6702  6760  6727  6715  
10: 6829  6859  6779  6734  6824  6814  6859  6884  6849  6794  6839  6824  6939  6604  6829  6674  6729  6724  6849  6899  6839  6809  6739  6734  6854  6889  6694  6889  6819  6799  6864  6909  6819  6889  6874  6784  6674  6794  6889  6944  6864  6844  6929  6934  6879  6834  6804  6754  6759  6844  
11: 7227  7037  7197  6947  7107  7227  7417  7317  7367  7467  7387  7327  7437  7227  7247  7017  7167  7187  7237  7237  7157  7357  7587  7707  7437  7047  7067  7147  7187  7267  7377  7557  7287  7127  7367  7327  7607  7527  7587  7227  7187  7287  7237  7397  7227  6877  7047  6867  7047  6987  
12: 6750  6650  6770  6770  6770  6870  6880  6840  6720  6840  6690  6890  6790  6700  6710  6730  6710  6770  6790  6830  6840  6750  6710  6890  6570  6720  6750  6650  6730  6810  6800  6830  6840  6770  6740  6600  6820  6710  6650  6670  6810  6770  6850  6830  6750  6870  6770  6650  6810  6900  
13: 6345  6515  6555  6455  6555  6635  6595  6655  6625  6595  6585  6395  6615  6675  6535  6475  6515  6495  6565  6585  6525  6605  6555  6495  6575  6675  6485  6505  6535  6555  6635  6615  6615  6535  6845  6695  6565  6675  6475  6605  6495  6575  6675  6545  6635  6655  6625  6655  6515  6715  
14: 6814  6589  6519  6529  6679  6624  6699  6734  6634  6804  6734  6624  6894  6919  6604  6659  6694  6724  6809  6854  6854  6614  7024  6964  6759  6834  6569  6804  6594  6654  6784  6679  6799  6804  6844  6834  6739  6909  6714  6634  6584  6639  6659  6769  6719  6874  6754  6939  6644  6939  
15: 6855  6505  6585  6515  6655  6645  6715  6705  6665  6695  6705  6575  6855  6895  6485  6525  6635  6645  6785  6805  6805  6565  7045  6925  6685  6905  6545  6845  6605  6705  6825  6685  6805  6865  6965  6815  6655  6955  6715  6645  6605  6705  6705  6765  6695  6875  6805  6705  6575  6945  
16: 6797  6562  6502  6532  6652  6617  6732  6727  6682  6792  6752  6632  7002  6972  6572  6592  6627  6732  6847  6872  6927  6567  7107  6927  6757  6907  6527  6927  6607  6677  6842  6747  6822  6842  6877  6857  6687  6992  6827  6702  6662  6732  6702  6832  6717  6927  6767  6952  6622  6962  
17: 6799  6939  6959  6859  6919  6829  6826  6779  6719  6619  6709  6769  6759  6779  6799  6899  7029  6859  6949  6839  6939  6619  6639  6819  6879  6849  6869  6889  6999  6979  6899  6879  6949  6739  6839  6739  6729  6789  6779  6899  6909  6999  6919  6849  6819  6599  6659  6699  6739  6809  
18: 7051  7051  7013  7208  7173  7299  7279  7462  7399  7115  7465  7050  6877  6904  6720  6866  7051  7223  7443  7506  7314  7412  7013  6544  6522  7148  7168  7224  7186  7327  7235  7330  7368  7117  7066  7270  7145  6995  7177  7062  6962  7187  7354  7327  7306  7207  6929  6874  7077  7093  
19: 5999  5939  5929  5999  6099  6249  6149  6049  5919  5829  5819  6009  6059  6099  6099  6129  6179  6219  6189  6199  6099  6059  6189  6229  6069  6029  6179  6159  6269  6239  6259  6149  6099  6029  6159  6219  6219  6199  6229  6369  6429  6439  6359  6259  6129  6049  6049  6089  6229  6099  
20: 7000  7070  7000  6950  7040  7090  7080  7000  6970  6900  6980  7000  6910  6860  6840  6900  7010  7020  6930  6910  6850  6780  6740  6780  6830  6900  6920  6990  7030  7080  7080  7040  6970  6900  6940  6960  7000  6950  6870  6940  7010  6990  6980  7010  7040  7030  6940  6940  7000  6920  
21: 6874  6956  6956  6980  7002  6983  7081  7084  7005  6965  6938  6919  7014  7011  6925  6932  6968  6935  6938  6974  6874  6877  6935  7026  6971  6953  7035  6956  6938  6910  6968  6861  6904  6907  6992  7041  7090  7066  6999  6944  6977  6871  7032  6938  6916  6846  6989  7038  7032  6980  
22: 6995  7033  7015  6930  6835  6758  6783  6803  6848  6905  6888  6996  6976  6991  6994  6952  6854  6745  6778  6809  6833  6927  6980  6998  6999  6984  7027  6915  6916  6773  6788  6810  6884  6938  6929  6994  7000  7005  6987  6878  6763  6791  6813  6783  6842  6945  6977  6960  6970  7005  
23: 6922  6864  6951  6861  6771  6842  6904  6908  6974  7075  7100  7201  7199  7193  6901  7025  6899  6828  6828  6926  6928  7092  7031  7174  7006  7093  7018  6926  6765  6904  6824  6864  7111  7157  7122  7028  7001  6967  6956  6943  6874  6921  6952  6945  7012  7062  7052  7235  7119  6992  
24: 6892  6937  6866  6788  6734  6803  6843  6915  6976  6923  6943  7064  6961  6923  6933  6866  6858  6949  6920  6915  7005  6943  7126  6927  6981  6768  6849  6816  6815  6943  6943  6980  6838  7050  6852  6765  6810  6883  6875  6935  6880  6951  7028  6983  6862  6740  6852  6869  6865  6985  
25: 6718  6668  6648  6648  6748  6768  6808  6768  6768  6748  6748  6838  6758  6728  6778  6858  6938  6988  6938  6858  6758  6728  6728  6808  6768  6738  6688  6788  6788  6828  6878  6848  6718  6738  6738  6738  6698  6698  6748  6698  6778  6798  6858  6858  6748  6698  6728  6728  6688  6758  
26: 6845  6882  6843  6801  6861  6754  6773  6819  6825  6870  6794  6859  6839  6833  6919  6832  6857  6792  6737  6804  6799  6826  6805  6822  6845  6873  6898  6977  6842  6847  6881  6932  6867  6862  6911  6803  6895  6884  6909  6813  6850  6858  6846  6870  6856  6907  6955  6929  6880  6876  
27: 7635  7725  7843  7869  7875  7837  7401  7223  7488  7555  7602  7507  7507  7776  7786  7828  7458  7549  7575  7350  7395  7655  7574  7545  7666  7653  7575  7848  7781  7348  7202  7410  7432  7486  7762  7739  7665  7527  7454  7880  7553  7656  7577  7500  7496  7536  7667  7753  7630  7701  
28: 6909  6822  6837  6903  6935  6863  6836  6869  6929  7165  6970  6829  6826  6846  6922  6866  6843  6870  7009  7169  7123  6926  6948  6866  6842  6776  6865  6842  6940  7103  7121  7140  6983  6984  6994  6849  6793  6812  6828  6787  6838  6958  6969  7035  7060  6875  6797  6831  6878  6768  
29: 6757  6764  6800  6977  6861  6921  6897  6911  6911  6901  6873  6919  6778  6795  6842  6874  6915  6844  6867  6960  6926  7005  6974  6864  6941  6810  6835  6843  6852  6928  6875  6888  6861  6936  6947  7000  6854  6717  6802  6866  6842  6848  6872  6913  6917  6931  7041  6969  6810  6915  
30: 6878  6833  6850  6841  6808  6819  6872  6825  6877  6941  6816  6885  6799  6788  6792  6810  6830  6805  6823  6847  6904  6936  6947  6819  6715  6740  6825  6792  6816  6843  6853  6856  6868  7024  6906  6794  6879  6918  6874  6810  6812  6822  6803  6854  6865  6902  6887  6837  6791  6895  
31: 7295  7237  7412  7341  7297  7522  7234  6991  7068  7171  7148  7268  7374  7395  7368  7192  7375  7420  7321  7303  7155  7130  7182  7240  7349  7381  7368  7331  7272  7336  7239  7007  7018  7044  7262  7216  7365  7393  7334  7434  7384  7345  7252  7152  7130  7036  7136  7232  7299  7425  
32: 6781  6521  6641  6801  6761  6731  6961  6831  6881  6671  6671  7191  7101  6971  6751  6691  6781  6991  7001  6931  7051  7011  6941  6851  6811  6971  6871  6841  6791  6811  6881  7071  7101  6931  6781  6881  6991  6441  6481  6731  6681  6701  6971  6951  6981  7061  6971  6931  6931  6911  
33: 6819  6942  6980  6958  7015  6892  6865  6945  6884  6972  6916  6838  6948  6907  6961  6943  7007  7055  6935  6854  6942  6920  6861  6885  6922  6917  6993  6920  6946  6906  6967  6915  6805  6953  6941  6885  6932  6949  6951  6864  6991  7113  6918  6928  6946  6915  6936  7021  6856  6882  
34: 7069  7129  7179  7129  7149  7209  7299  7379  7289  7339  7259  7449  7189  7119  6829  6919  7169  7099  7219  7259  7149  7349  7239  7399  7199  7389  7069  7059  6909  7059  7229  7399  7279  7189  7169  7159  7309  7159  7139  7119  7029  7279  7319  7269  7239  7479  7299  7039  7039  7169  
35: 6841  6931  7001  6951  6951  7041  7111  7171  7141  7161  7081  7261  6991  6971  6621  6711  6951  6941  7051  7091  6991  7181  7041  7221  7011  7281  6901  6931  6741  6911  7081  7251  7131  7081  7001  6961  7111  7011  6941  6991  6881  7121  7151  7091  7051  7331  7171  6911  6911  6981  
36: 6827  6897  6997  6947  6967  7037  7087  7157  7107  7117  7077  7217  6997  6997  6747  6797  6977  6947  7037  7067  6957  7127  6997  7197  6967  7247  6927  6947  6767  6927  7057  7177  7107  7057  6957  6957  6877  7007  6917  6987  6887  7107  7107  7077  7037  7277  7177  6897  6877  6947  
37: 7239  7460  7217  7064  6807  6916  7160  7085  7203  7248  7174  7412  7223  7357  7052  7033  6887  7050  7219  7420  7261  7133  7185  7205  7377  7161  7170  7091  6992  7277  7321  7304  7253  7514  7231  7033  7028  7222  7183  6893  7044  7002  7117  7277  7310  7230  7072  7321  7265  7316  
38: 6937  7066  7043  7044  6951  7023  6926  6880  6866  6961  7017  7050  7038  6990  7027  6933  7089  6839  6977  6934  6928  6972  7005  7017  6984  7157  7062  6932  6986  6824  6997  6858  6900  6924  7000  7006  7052  7047  6972  7052  6991  6906  6901  6885  6909  6962  7000  7031  7023  6989  
39: 7254  7424  7114  7094  6964  7114  7284  7454  7334  7234  7204  7204  7374  7214  7204  7194  7104  7344  7394  7334  7284  7534  7374  7094  7094  7224  7304  7004  7124  7094  7214  7344  7344  7294  7154  7324  7354  7304  6944  7154  7234  7254  7394  7324  7334  7224  7084  7294  7124  7124  
40: 7680  7610  7420  7380  7340  7400  7450  7800  7600  7420  7740  7900  7800  7560  7530  7360  7260  7610  7820  7670  7650  7690  7530  7540  7560  7740  7600  7270  7430  7430  7520  7520  7660  7590  7510  7700  7500  7540  7240  7420  7590  7560  7660  7660  7790  7500  7590  7520  7600  7720  
41: 6874  6899  6857  6758  6764  6799  6947  7124  7008  6885  7037  6985  7275  6581  7011  6860  6839  6922  7074  7065  6951  7253  6927  6621  6865  6794  7019  6631  6862  6758  6997  7213  7188  7095  6925  7226  7010  6919  6678  6839  6846  6896  6924  7003  7059  7037  6893  7002  6802  6997  
42: 7005  7027  7013  6949  6897  6987  6890  6922  6930  6919  6959  6976  6995  6966  7091  7080  6911  6966  6807  6954  6876  6893  6927  6967  6964  6989  7012  6952  6975  6932  6932  6877  6877  6919  6941  6994  6990  7003  6963  6886  7021  6922  6943  6922  6871  6934  6929  6954  6995  7042  
43: 6923  7040  6852  6859  6783  6902  7004  7097  7032  6939  6953  6888  7030  6853  6915  6905  6873  7011  7039  7018  7002  7181  7045  6845  6880  6845  6989  6796  6862  6891  6955  7009  7056  7002  6891  7014  6988  6945  6774  6870  6920  6969  7055  7045  7024  6934  6829  7026  6855  6859  
44: 7552  7472  7172  7332  7432  7452  7562  7562  7692  7452  7432  7472  7332  7312  7572  7472  7262  7452  7432  7552  7762  7792  7772  7822  7592  7952  7702  7202  7292  7322  7492  7632  7462  7312  7612  7702  7392  7102  7372  7502  7252  7312  7572  7552  7672  7632  7662  7582  7532  7672  
45: 7099  6976  6858  6966  6977  7062  7105  7162  7242  7082  7013  7057  6918  6932  6946  7048  7107  7195  7291  7319  7149  7249  7126  7287  7068  6898  6953  7060  7143  7274  7093  7020  7237  7268  6868  6882  7057  7049  6928  7045  7207  7201  7220  7243  7139  7114  7107  7018  7079  7023  
46: 6983  7094  6888  6780  6809  6916  6968  7055  6946  6935  7071  7101  6813  6852  6888  6885  6799  6901  7054  7043  7022  7076  6996  7042  6982  6871  6929  6871  6881  6992  6987  6986  7004  6948  6941  6876  6815  6940  6844  6807  6883  6916  7012  7003  7078  6933  6975  6946  7082  6986  
47: 7011  6819  6806  6764  6669  6733  6819  6727  6681  6809  6724  6681  6776  6785  6788  6895  6861  6825  6886  6831  6803  6819  6764  6886  7041  7035  7059  6858  6791  6794  6806  6880  6864  6968  6685  6755  6752  6764  6776  6773  6880  6840  6934  6907  6861  6770  6800  6721  6782  6712  
48: 6639  6739  6779  6779  6689  6679  6679  6689  6669  6729  6719  6799  6769  6779  6809  6739  6669  6699  6769  6719  6719  6809  6779  6789  6749  6789  6939  6859  6789  6759  6699  6859  6719  6749  6679  6689  6779  6819  6799  6859  6789  6769  6649  6699  6739  6729  6699  6689  6719  6779  
49: 6887  6916  6926  6878  6915  6930  7015  6995  6967  6893  6986  6887  6905  6889  6860  6884  6942  6934  7021  6989  7009  6964  6965  6897  7005  7052  7011  6899  6905  6916  7048  6972  7066  7005  6950  7085  7068  7028  6999  6981  6946  6984  7001  7055  7082  7086  7184  6927  6930  6869  
Permutation: 1
 0: 6829  6859  6779  6734  6824  6814  6859  6884  6849  6794  6839  6824  6939  6604  6829  6674  6729  6724  6849  6899  6839  6809  6739  6734  6854  6889  6694  6889  6819  6799  6864  6909  6819  6889  6874  6784  6674  6794  6889  6944  6864  6844  6929  6934  6879  6834  6804  6754  6759  6844  
 1: 6874  6956  6956  6980  7002  6983  7081  7084  7005  6965  6938  6919  7014  7011  6925  6932  6968  6935  6938  6974  6874  6877  6935  7026  6971  6953  7035  6956  6938  6910  6968  6861  6904  6907  6992  7041  7090  7066  6999  6944  6977  6871  7032  6938  6916  6846  6989  7038  7032  6980  
 2: 6718  6668  6648  6648  6748  6768  6808  6768  6768  6748  6748  6838  6758  6728  6778  6858  6938  6988  6938  6858  6758  6728  6728  6808  6768  6738  6688  6788  6788  6828  6878  6848  6718  6738  6738  6738  6698  6698  6748  6698  6778  6798  6858  6858  6748  6698  6728  6728  6688  6758  
 3: 7093  6688  6493  6723  6533  6818  6893  6793  6883  7073  6958  7033  7008  6783  6788  6738  6683  6968  6928  7068  6758  6918  6718  6313  6763  6688  6653  6638  6738  6778  6798  6923  6908  7063  6938  7238  6848  7183  6948  6743  6773  6803  6963  6793  6853  6823  6698  6858  6523  6883  
 4: 6787  6718  6739  6793  6707  6861  6871  6901  6879  6853  6744  7010  6894  6757  6758  6762  6702  6741  6895  6914  6874  6730  6784  6756  6779  6770  6955  6868  6712  6822  6860  6964  6876  6850  6795  6866  6924  6849  6779  6795  6649  6681  6838  6833  6954  6798  6649  6801  6767  6490  
 5: 6345  6515  6555  6455  6555  6635  6595  6655  6625  6595  6585  6395  6615  6675  6535  6475  6515  6495  6565  6585  6525  6605  6555  6495  6575  6675  6485  6505  6535  6555  6635  6615  6615  6535  6845  6695  6565  6675  6475  6605  6495  6575  6675  6545  6635  6655  6625  6655  6515  6715  
 6: 7069  7129  7179  7129  7149  7209  7299  7379  7289  7339  7259  7449  7189  7119  6829  6919  7169  7099  7219  7259  7149  7349  7239  7399  7199  7389  7069  7059  6909  7059  7229  7399  7279  7189  7169  7159  7309  7159  7139  7119  7029  7279  7319  7269  7239  7479  7299  7039  7039  7169  
 7: 6639  6739  6779  6779  6689  6679  6679  6689  6669  6729  6719  6799  6769  6779  6809  6739  6669  6699  6769  6719  6719  6809  6779  6789  6749  6789  6939  6859  6789  6759  6699  6859  6719  6749  6679  6689  6779  6819  6799  6859  6789  6769  6649  6699  6739  6729  6699  6689  6719  6779  
 8: 7005  7027  7013  6949  6897  6987  6890  6922  6930  6919  6959  6976  6995  6966  7091  7080  6911  6966  6807  6954  6876  6893  6927  6967  6964  6989  7012  6952  6975  6932  6932  6877  6877  6919  6941  6994  6990  7003  6963  6886  7021  6922  6943  6922  6871  6934  6929  6954  6995  7042  
 9: 6874  6899  6857  6758  6764  6799  6947  7124  7008  6885  7037  6985  7275  6581  7011  6860  6839  6922  7074  7065  6951  7253  6927  6621  6865  6794  7019  6631  6862  6758  6997  7213  7188  7095  6925  7226  7010  6919  6678  6839  6846  6896  6924  7003  7059  7037  6893  7002  6802  6997  
10: 6799  6939  6959  6859  6919  6829  6826  6779  6719  6619  6709  6769  6759  6779  6799  6899  7029  6859  6949  6839  6939  6619  6639  6819  6879  6849  6869  6889  6999  6979  6899  6879  6949  6739  6839  6739  6729  6789  6779  6899  6909  6999  6919  6849  6819  6599  6659  6699  6739  6809  
11: 7680  7610  7420  7380  7340  7400  7450  7800  7600  7420  7740  7900  7800  7560  7530  7360  7260  7610  7820  7670  7650  7690  7530  7540  7560  7740  7600  7270  7430  7430  7520  7520  7660  7590  7510  7700  7500  7540  7240  7420  7590  7560  7660  7660  7790  7500  7590  7520  7600  7720  
12: 6885  6790  6839  6732  6879  6815  6930  6979  6946  7083  7223  6982  7089  7049  6900  6955  6775  6927  7013  6970  6982  6997  7086  6924  7119  7132  6997  6869  6876  6854  6879  6869  6903  7049  7199  6839  7031  6918  6778  6735  6888  6924  6888  7049  6912  6997  6854  6812  6821  6933  
13: 6790  6866  6878  6918  6863  6857  6896  6820  6801  6835  6783  6799  6802  6881  6857  6908  6915  6933  6881  6765  6820  6820  6908  6832  6863  6905  6893  6890  6976  6918  6899  6808  6750  6817  6820  6823  6835  6863  6851  6899  6872  6951  6869  6790  6790  6841  6832  6869  6887  6896  
14: 7552  7472  7172  7332  7432  7452  7562  7562  7692  7452  7432  7472  7332  7312  7572  7472  7262  7452  7432  7552  7762  7792  7772  7822  7592  7952  7702  7202  7292  7322  7492  7632  7462  7312  7612  7702  7392  7102  7372  7502  7252  7312  7572  7552  7672  7632  7662  7582  7532  7672  
15: 6909  6940  6961  6952  6952  6985  7010  7034  7058  7058  6973  6876  6885  6985  6952  6961  6860  6796  6936  6833  6821  6879  6866  6778  6879  6882  6903  6851  6848  6842  6903  6933  6943  6863  6851  6879  6799  6863  6891  6885  6821  6854  6851  6824  6723  6732  6799  6879  6888  6897  
16: 6827  6897  6997  6947  6967  7037  7087  7157  7107  7117  7077  7217  6997  6997  6747  6797  6977  6947  7037  7067  6957  7127  6997  7197  6967  7247  6927  6947  6767  6927  7057  7177  7107  7057  6957  6957  6877  7007  6917  6987  6887  7107  7107  7077  7037  7277  7177  6897  6877  6947  
17: 6887  6916  6926  6878  6915  6930  7015  6995  6967  6893  6986  6887  6905  6889  6860  6884  6942  6934  7021  6989  7009  6964  6965  6897  7005  7052  7011  6899  6905  6916  7048  6972  7066  7005  6950  7085  7068  7028  6999  6981  6946  6984  7001  7055  7082  7086  7184  6927  6930  6869  
18: 7239  7460  7217  7064  6807  6916  7160  7085  7203  7248  7174  7412  7223  7357  7052  7033  6887  7050  7219  7420  7261  7133  7185  7205  7377  7161  7170  7091  6992  7277  7321  7304  7253  7514  7231  7033  7028  7222  7183  6893  7044  7002  7117  7277  7310  7230  7072  7321  7265  7316  
19: 6923  7040  6852  6859  6783  6902  7004  7097  7032  6939  6953  6888  7030  6853  6915  6905  6873  7011  7039  7018  7002  7181  7045  6845  6880  6845  6989  6796  6862  6891  6955  7009  7056  7002  6891  7014  6988  6945  6774  6870  6920  6969  7055  7045  7024  6934  6829  7026  6855  6859  
20: 6922  6864  6951  6861  6771  6842  6904  6908  6974  7075  7100  7201  7199  7193  6901  7025  6899  6828  6828  6926  6928  7092  7031  7174  7006  7093  7018  6926  6765  6904  6824  6864  7111  7157  7122  7028  7001  6967  6956  6943  6874  6921  6952  6945  7012  7062  7052  7235  7119  6992  
21: 7635  7725  7843  7869  7875  7837  7401  7223  7488  7555  7602  7507  7507  7776  7786  7828  7458  7549  7575  7350  7395  7655  7574  7545  7666  7653  7575  7848  7781  7348  7202  7410  7432  7486  7762  7739  7665  7527  7454  7880  7553  7656  7577  7500  7496  7536  7667  7753  7630  7701  
22: 6845  6882  6843  6801  6861  6754  6773  6819  6825  6870  6794  6859  6839  6833  6919  6832  6857  6792  6737  6804  6799  6826  6805  6822  6845  6873  6898  6977  6842  6847  6881  6932  6867  6862  6911  6803  6895  6884  6909  6813  6850  6858  6846  6870  6856  6907  6955  6929  6880  6876  
23: 6781  6521  6641  6801  6761  6731  6961  6831  6881  6671  6671  7191  7101  6971  6751  6691  6781  6991  7001  6931  7051  7011  6941  6851  6811  6971  6871  6841  6791  6811  6881  7071  7101  6931  6781  6881  6991  6441  6481  6731  6681  6701  6971  6951  6981  7061  6971  6931  6931  6911  
24: 6909  6822  6837  6903  6935  6863  6836  6869  6929  7165  6970  6829  6826  6846  6922  6866  6843  6870  7009  7169  7123  6926  6948  6866  6842  6776  6865  6842  6940  7103  7121  7140  6983  6984  6994  6849  6793  6812  6828  6787  6838  6958  6969  7035  7060  6875  6797  6831  6878  6768  
25: 6814  6589  6519  6529  6679  6624  6699  6734  6634  6804  6734  6624  6894  6919  6604  6659  6694  6724  6809  6854  6854  6614  7024  6964  6759  6834  6569  6804  6594  6654  6784  6679  6799  6804  6844  6834  6739  6909  6714  6634  6584  6639  6659  6769  6719  6874  6754  6939  6644  6939  
26: 7295  7237  7412  7341  7297  7522  7234  6991  7068  7171  7148  7268  7374  7395  7368  7192  7375  7420  7321  7303  7155  7130  7182  7240  7349  7381  7368  7331  7272  7336  7239  7007  7018  7044  7262  7216  7365  7393  7334  7434  7384  7345  7252  7152  7130  7036  7136  7232  7299  7425  
27: 7099  6976  6858  6966  6977  7062  7105  7162  7242  7082  7013  7057  6918  6932  6946  7048  7107  7195  7291  7319  7149  7249  7126  7287  7068  6898  6953  7060  7143  7274  7093  7020  7237  7268  6868  6882  7057  7049  6928  7045  7207  7201  7220  7243  7139  7114  7107  7018  7079  7023  
28: 7000  7070  7000  6950  7040  7090  7080  7000  6970  6900  6980  7000  6910  6860  6840  6900  7010  7020  6930  6910  6850  6780  6740  6780  6830  6900  6920  6990  7030  7080  7080  7040  6970  6900  6940  6960  7000  6950  6870  6940  7010  6990  6980  7010  7040  7030  6940  6940  7000  6920  
29: 6995  7033  7015  6930  6835  6758  6783  6803  6848  6905  6888  6996  6976  6991  6994  6952  6854  6745  6778  6809  6833  6927  6980  6998  6999  6984  7027  6915  6916  6773  6788  6810  6884  6938  6929  6994  7000  7005  6987  6878  6763  6791  6813  6783  6842  6945  6977  6960  6970  7005  
30: 6905  6931  6896  6953  7043  6952  6996  7051  7001  6995  7066  6855  6838  6690  6796  6777  6904  6829  6910  6925  6946  6910  6962  6921  7106  7051  6796  6777  6892  6955  6930  7003  7067  6964  6925  6993  6857  6851  7038  6931  6983  6885  6953  6959  6939  7016  7132  6813  6892  7122  
31: 6757  6764  6800  6977  6861  6921  6897  6911  6911  6901  6873  6919  6778  6795  6842  6874  6915  6844  6867  6960  6926  7005  6974  6864  6941  6810  6835  6843  6852  6928  6875  6888  6861  6936  6947  7000  6854  6717  6802  6866  6842  6848  6872  6913  6917  6931  7041  6969  6810  6915  
32: 6841  6931  7001  6951  6951  7041  7111  7171  7141  7161  7081  7261  6991  6971  6621  6711  6951  6941  7051  7091  6991  7181  7041  7221  7011  7281  6901  6931  6741  6911  7081  7251  7131  7081  7001  6961  7111  7011  6941  6991  6881  7121  7151  7091  7051  7331  7171  6911  6911  6981  
33: 6983  7094  6888  6780  6809  6916  6968  7055  6946  6935  7071  7101  6813  6852  6888  6885  6799  6901  7054  7043  7022  7076  6996  7042  6982  6871  6929  6871  6881  6992  6987  6986  7004  6948  6941  6876  6815  6940  6844  6807  6883  6916  7012  7003  7078  6933  6975  6946  7082  6986  
34: 6750  6650  6770  6770  6770  6870  6880  6840  6720  6840  6690  6890  6790  6700  6710  6730  6710  6770  6790  6830  6840  6750  6710  6890  6570  6720  6750  6650  6730  6810  6800  6830  6840  6770  6740  6600  6820  6710  6650  6670  6810  6770  6850  6830  6750  6870  6770  6650  6810  6900  
35: 6937  7066  7043  7044  6951  7023  6926  6880  6866  6961  7017  7050  7038  6990  7027  6933  7089  6839  6977  6934  6928  6972  7005  7017  6984  7157  7062  6932  6986  6824  6997  6858  6900  6924  7000  7006  7052  7047  6972  7052  6991  6906  6901  6885  6909  6962  7000  7031  7023  6989  
36: 6855  6505  6585  6515  6655  6645  6715  6705  6665  6695  6705  6575  6855  6895  6485  6525  6635  6645  6785  6805  6805  6565  7045  6925  6685  6905  6545  6845  6605  6705  6825  6685  6805  6865  6965  6815  6655  6955  6715  6645  6605  6705  6705  6765  6695  6875  6805  6705  6575  6945  
37: 6819  6942  6980  6958  7015  6892  6865  6945  6884  6972  6916  6838  6948  6907  6961  6943  7007  7055  6935  6854  6942  6920  6861  6885  6922  6917  6993  6920  6946  6906  6967  6915  6805  6953  6941  6885  6932  6949  6951  6864  6991  7113  6918  6928  6946  6915  6936  7021  6856  6882  
38: 6892  6937  6866  6788  6734  6803  6843  6915  6976  6923  6943  7064  6961  6923  6933  6866  6858  6949  6920  6915  7005  6943  7126  6927  6981  6768  6849  6816  6815  6943  6943  6980  6838  7050  6852  6765  6810  6883  6875  6935  6880  6951  7028  6983  6862  6740  6852  6869  6865  6985  
39: 6893  6928  6843  6926  7004  6993  6978  6882  6870  6950  6983  6895  6881  6948  6964  7043  7020  6982  6923  6961  6960  7000  6749  6953  6787  6793  6829  7006  6995  6919  6896  6783  6869  6931  6900  6792  6973  6905  6883  6956  6960  6892  6942  6908  6794  6779  6896  7018  7058  6892  
40: 7011  6819  6806  6764  6669  6733  6819  6727  6681  6809  6724  6681  6776  6785  6788  6895  6861  6825  6886  6831  6803  6819  6764  6886  7041  7035  7059  6858  6791  6794  6806  6880  6864  6968  6685  6755  6752  6764  6776  6773  6880  6840  6934  6907  6861  6770  6800  6721  6782  6712  
41: 7227  7037  7197  6947  7107  7227  7417  7317  7367  7467  7387  7327  7437  7227  7247  7017  7167  7187  7237  7237  7157  7357  7587  7707  7437  7047  7067  7147  7187  7267  7377  7557  7287  7127  7367  7327  7607  7527  7587  7227  7187  7287  7237  7397  7227  6877  7047  6867  7047  6987  
42: 7051  7051  7013  7208  7173  7299  7279  7462  7399  7115  7465  7050  6877  6904  6720  6866  7051  7223  7443  7506  7314  7412  7013  6544  6522  7148  7168  7224  7186  7327  7235  7330  7368  7117  7066  7270  7145  6995  7177  7062  6962  7187  7354  7327  7306  7207  6929  6874  7077  7093  
43: 7254  7424  7114  7094  6964  7114  7284  7454  7334  7234  7204  7204  7374  7214  7204  7194  7104  7344  7394  7334  7284  7534  7374  7094  7094  7224  7304  7004  7124  7094  7214  7344  7344  7294  7154  7324  7354  7304  6944  7154  7234  7254  7394  7324  7334  7224  7084  7294  7124  7124  
44: 6245  6880  6700  6775  6580  6685  6695  6745  6655  6665  6865  6575  6760  6720  6650  6580  6625  6705  6675  6680  6575  6675  6660  6690  6535  7045  6655  6660  6625  6655  6690  6720  6620  6745  6785  6780  6600  6625  6675  6730  6685  6705  6680  6780  6690  6785  6785  6595  6800  6860  
45: 5999  5939  5929  5999  6099  6249  6149  6049  5919  5829  5819  6009  6059  6099  6099  6129  6179  6219  6189  6199  6099  6059  6189  6229  6069  6029  6179  6159  6269  6239  6259  6149  6099  6029  6159  6219  6219  6199  6229  6369  6429  6439  6359  6259  6129  6049  6049  6089  6229  6099  
46: 6957  6944  7084  6898  6859  6953  6736  6949  7096  6828  6804  6968  6978  6956  6961  6846  6947  6807  6738  6710  7127  6790  6855  6893  7004  6781  6963  6869  6908  6914  6857  6779  6866  6883  6882  7013  7020  6963  7020  6834  6991  6870  6794  6928  6860  6850  6842  6843  6955  6854  
47: 6878  6833  6850  6841  6808  6819  6872  6825  6877  6941  6816  6885  6799  6788  6792  6810  6830  6805  6823  6847  6904  6936  6947  6819  6715  6740  6825  6792  6816  6843  6853  6856  6868  7024  6906  6794  6879  6918  6874  6810  6812  6822  6803  6854  6865  6902  6887  6837  6791  6895  
48: 6797  6562  6502  6532  6652  6617  6732  6727  6682  6792  6752  6632  7002  6972  6572  6592  6627  6732  6847  6872  6927  6567  7107  6927  6757  6907  6527  6927  6607  6677  6842  6747  6822  6842  6877  6857  6687  6992  6827  6702  6662  6732  6702  6832  6717  6927  6767  6952  6622  6962  
49: 6721  6721  6666  6712  6766  6645  6693  6727  6678  6654  6678  6709  6721  6684  6709  6727  6797  6788  6742  6763  6745  6684  6718  6724  6742  6696  6690  6687  6733  6766  6730  6675  6663  6605  6693  6721  6724  6712  6715  6721  6782  6736  6763  6776  6727  6690  6702  6760  6727  6715  
Permutation: 2
 0: 6799  6939  6959  6859  6919  6829  6826  6779  6719  6619  6709  6769  6759  6779  6799  6899  7029  6859  6949  6839  6939  6619  6639  6819  6879  6849  6869  6889  6999  6979  6899  6879  6949  6739  6839  6739  6729  6789  6779  6899  6909  6999  6919  6849  6819  6599  6659  6699  6739  6809  
 1: 7635  7725  7843  7869  7875  7837  7401  7223  7488  7555  7602  7507  7507  7776  7786  7828  7458  7549  7575  7350  7395  7655  7574  7545  7666  7653  7575  7848  7781  7348  7202  7410  7432  7486  7762  7739  7665  7527  7454  7880  7553  7656  7577  7500  7496  7536  7667  7753  7630  7701  
 2: 6814  6589  6519  6529  6679  6624  6699  6734  6634  6804  6734  6624  6894  6919  6604  6659  6694  6724  6809  6854  6854  6614  7024  6964  6759  6834  6569  6804  6594  6654  6784  6679  6799  6804  6844  6834  6739  6909  6714  6634  6584  6639  6659  6769  6719  6874  6754  6939  6644  6939  
 3: 6787  6718  6739  6793  6707  6861  6871  6901  6879  6853  6744  7010  6894  6757  6758  6762  6702  6741  6895  6914  6874  6730  6784  6756  6779  6770  6955  6868  6712  6822  6860  6964  6876  6850  6795  6866  6924  6849  6779  6795  6649  6681  6838  6833  6954  6798  6649  6801  6767  6490  
 4: 6874  6956  6956  6980  7002  6983  7081  7084  7005  6965  6938  6919  7014  7011  6925  6932  6968  6935  6938  6974  6874  6877  6935  7026  6971  6953  7035  6956  6938  6910  6968  6861  6904  6907  6992  7041  7090  7066  6999  6944  6977  6871  7032  6938  6916  6846  6989  7038  7032  6980  
 5: 6790  6866  6878  6918  6863  6857  6896  6820  6801  6835  6783  6799  6802  6881  6857  6908  6915  6933  6881  6765  6820  6820  6908  6832  6863  6905  6893  6890  6976  6918  6899  6808  6750  6817  6820  6823  6835  6863  6851  6899  6872  6951  6869  6790  6790  6841  6832  6869  6887  6896  
 6: 6750  6650  6770  6770  6770  6870  6880  6840  6720  6840  6690  6890  6790  6700  6710  6730  6710  6770  6790  6830  6840  6750  6710  6890  6570  6720  6750  6650  6730  6810  6800  6830  6840  6770  6740  6600  6820  6710  6650  6670  6810  6770  6850  6830  6750  6870  6770  6650  6810  6900  
 7: 6797  6562  6502  6532  6652  6617  6732  6727  6682  6792  6752  6632  7002  6972  6572  6592  6627  6732  6847  6872  6927  6567  7107  6927  6757  6907  6527  6927  6607  6677  6842  6747  6822  6842  6877  6857  6687  6992  6827  6702  6662  6732  6702  6832  6717  6927  6767  6952  6622  6962  
 8: 7051  7051  7013  7208  7173  7299  7279  7462  7399  7115  7465  7050  6877  6904  6720  6866  7051  7223  7443  7506  7314  7412  7013  6544  6522  7148  7168  7224  7186  7327  7235  7330  7368  7117  7066  7270  7145  6995  7177  7062  6962  7187  7354  7327  7306  7207  6929  6874  7077  7093  
 9: 7227  7037  7197  6947  7107  7227  7417  7317  7367  7467  7387  7327  7437  7227  7247  7017  7167  7187  7237  7237  7157  7357  7587  7707  7437  7047  7067  7147  7187  7267  7377  7557  7287  7127  7367  7327  7607  7527  7587  7227  7187  7287  7237  7397  7227  6877  7047  6867  7047  6987  
10: 6887  6916  6926  6878  6915  6930  7015  6995  6967  6893  6986  6887  6905  6889  6860  6884  6942  6934  7021  6989  7009  6964  6965  6897  7005  7052  7011  6899  6905  6916  7048  6972  7066  7005  6950  7085  7068  7028  6999  6981  6946  6984  7001  7055  7082  7086  7184  6927  6930  6869  
11: 7011  6819  6806  6764  6669  6733  6819  6727  6681  6809  6724  6681  6776  6785  6788  6895  6861  6825  6886  6831  6803  6819  6764  6886  7041  7035  7059  6858  6791  6794  6806  6880  6864  6968  6685  6755  6752  6764  6776  6773  6880  6840  6934  6907  6861  6770  6800  6721  6782  6712  
12: 7093  6688  6493  6723  6533  6818  6893  6793  6883  7073  6958  7033  7008  6783  6788  6738  6683  6968  6928  7068  6758  6918  6718  6313  6763  6688  6653  6638  6738  6778  6798  6923  6908  7063  6938  7238  6848  7183  6948  6743  6773  6803  6963  6793  6853  6823  6698  6858  6523  6883  
13: 6718  6668  6648  6648  6748  6768  6808  6768  6768  6748  6748  6838  6758  6728  6778  6858  6938  6988  6938  6858  6758  6728  6728  6808  6768  6738  6688  6788  6788  6828  6878  6848  6718  6738  6738  6738  6698  6698  6748  6698  6778  6798  6858  6858  6748  6698  6728  6728  6688  6758  
14: 6245  6880  6700  6775  6580  6685  6695  6745  6655  6665  6865  6575  6760  6720  6650  6580  6625  6705  6675  6680  6575  6675  6660  6690  6535  7045  6655  6660  6625  6655  6690  6720  6620  6745  6785  6780  6600  6625  6675  6730  6685  6705  6680  6780  6690  6785  6785  6595  6800  6860  
15: 6639  6739  6779  6779  6689  6679  6679  6689  6669  6729  6719  6799  6769  6779  6809  6739  6669  6699  6769  6719  6719  6809  6779  6789  6749  6789  6939  6859  6789  6759  6699  6859  6719  6749  6679  6689  6779  6819  6799  6859  6789  6769  6649  6699  6739  6729  6699  6689  6719  6779  
16: 6855  6505  6585  6515  6655  6645  6715  6705  6665  6695  6705  6575  6855  6895  6485  6525  6635  6645  6785  6805  6805  6565  7045  6925  6685  6905  6545  6845  6605  6705  6825  6685  6805  6865  6965  6815  6655  6955  6715  6645  6605  6705  6705  6765  6695  6875  6805  6705  6575  6945  
17: 6721  6721  6666  6712  6766  6645  6693  6727  6678  6654  6678  6709  6721  6684  6709  6727  6797  6788  6742  6763  6745  6684  6718  6724  6742  6696  6690  6687  6733  6766  6730  6675  6663  6605  6693  6721  6724  6712  6715  6721  6782  6736  6763  6776  6727  6690  6702  6760  6727  6715  
18: 6819  6942  6980  6958  7015  6892  6865  6945  6884  6972  6916  6838  6948  6907  6961  6943  7007  7055  6935  6854  6942  6920  6861  6885  6922  6917  6993  6920  6946  6906  6967  6915  6805  6953  6941  6885  6932  6949  6951  6864  6991  7113  6918  6928  6946  6915  6936  7021  6856  6882  
19: 7254  7424  7114  7094  6964  7114  7284  7454  7334  7234  7204  7204  7374  7214  7204  7194  7104  7344  7394  7334  7284  7534  7374  7094  7094  7224  7304  7004  7124  7094  7214  7344  7344  7294  7154  7324  7354  7304  6944  7154  7234  7254  7394  7324  7334  7224  7084  7294  7124  7124  
20: 6781  6521  6641  6801  6761  6731  6961  6831  6881  6671  6671  7191  7101  6971  6751  6691  6781  6991  7001  6931  7051  7011  6941  6851  6811  6971  6871  6841  6791  6811  6881  7071  7101  6931  6781  6881  6991  6441  6481  6731  6681  6701  6971  6951  6981  7061  6971  6931  6931  6911  
21: 7099  6976  6858  6966  6977  7062  7105  7162  7242  7082  7013  7057  6918  6932  6946  7048  7107  7195  7291  7319  7149  7249  7126  7287  7068  6898  6953  7060  7143  7274  7093  7020  7237  7268  6868  6882  7057  7049  6928  7045  7207  7201  7220  7243  7139  7114  7107  7018  7079  7023  
22: 7295  7237  7412  7341  7297  7522  7234  6991  7068  7171  7148  7268  7374  7395  7368  7192  7375  7420  7321  7303  7155  7130  7182  7240  7349  7381  7368  7331  7272  7336  7239  7007  7018  7044  7262  7216  7365  7393  7334  7434  7384  7345  7252  7152  7130  7036  7136  7232  7299  7425  
23: 6841  6931  7001  6951  6951  7041  7111  7171  7141  7161  7081  7261  6991  6971  6621  6711  6951  6941  7051  7091  6991  7181  7041  7221  7011  7281  6901  6931  6741  6911  7081  7251  7131  7081  7001  6961  7111  7011  6941  6991  6881  7121  7151  7091  7051  7331  7171  6911  6911  6981  
24: 7000  7070  7000  6950  7040  7090  7080  7000  6970  6900  6980  7000  6910  6860  6840  6900  7010  7020  6930  6910  6850  6780  6740  6780  6830  6900  6920  6990  7030  7080  7080  7040  6970  6900  6940  6960  7000  6950  6870  6940  7010  6990  6980  7010  7040  7030  6940  6940  7000  6920  
25: 7552  7472  7172  7332  7432  7452  7562  7562  7692  7452  7432  7472  7332  7312  7572  7472  7262  7452  7432  7552  7762  7792  7772  7822  7592  7952  7702  7202  7292  7322  7492  7632  7462  7312  7612  7702  7392  7102  7372  7502  7252  7312  7572  7552  7672  7632  7662  7582  7532  7672  
26: 6757  6764  6800  6977  6861  6921  6897  6911  6911  6901  6873  6919  6778  6795  6842  6874  6915  6844  6867  6960  6926  7005  6974  6864  6941  6810  6835  6843  6852  6928  6875  6888  6861  6936  6947  7000  6854  6717  6802  6866  6842  6848  6872  6913  6917  6931  7041  6969  6810  6915  
27: 5999  5939  5929  5999  6099  6249  6149  6049  5919  5829  5819  6009  6059  6099  6099  6129  6179  6219  6189  6199  6099  6059  6189  6229  6069  6029  6179  6159  6269  6239  6259  6149  6099  6029  6159  6219  6219  6199  6229  6369  6429  6439  6359  6259  6129  6049  6049  6089  6229  6099  
28: 6922  6864  6951  6861  6771  6842  6904  6908  6974  7075  7100  7201  7199  7193  6901  7025  6899  6828  6828  6926  6928  7092  7031  7174  7006  7093  7018  6926  6765  6904  6824  6864  7111  7157  7122  7028  7001  6967  6956  6943  6874  6921  6952  6945  7012  7062  7052  7235  7119  6992  
29: 6845  6882  6843  6801  6861  6754  6773  6819  6825  6870  6794  6859  6839  6833  6919  6832  6857  6792  6737  6804  6799  6826  6805  6822  6845  6873  6898  6977  6842  6847  6881  6932  6867  6862  6911  6803  6895  6884  6909  6813  6850  6858  6846  6870  6856  6907  6955  6929  6880  6876  
30: 6829  6859  6779  6734  6824  6814  6859  6884  6849  6794  6839  6824  6939  6604  6829  6674  6729  6724  6849  6899  6839  6809  6739  6734  6854  6889  6694  6889  6819  6799  6864  6909  6819  6889  6874  6784  6674  6794  6889  6944  6864  6844  6929  6934  6879  6834  6804  6754  6759  6844  
31: 6995  7033  7015  6930  6835  6758  6783  6803  6848  6905  6888  6996  6976  6991  6994  6952  6854  6745  6778  6809  6833  6927  6980  6998  6999  6984  7027  6915  6916  6773  6788  6810  6884  6938  6929  6994  7000  7005  6987  6878  6763  6791  6813  6783  6842  6945  6977  6960  6970  7005  
32: 6937  7066  7043  7044  6951  7023  6926  6880  6866  6961  7017  7050  7038  6990  7027  6933  7089  6839  6977  6934  6928  6972  7005  7017  6984  7157  7062  6932  6986  6824  6997  6858  6900  6924  7000  7006  7052  7047  6972  7052  6991  6906  6901  6885  6909  6962  7000  7031  7023  6989  
33: 6957  6944  7084  6898  6859  6953  6736  6949  7096  6828  6804  6968  6978  6956  6961  6846  6947  6807  6738  6710  7127  6790  6855  6893  7004  6781  6963  6869  6908  6914  6857  6779  6866  6883  6882  7013  7020  6963  7020  6834  6991  6870  6794  6928  6860  6850  6842  6843  6955  6854  
34: 6885  6790  6839  6732  6879  6815  6930  6979  6946  7083  7223  6982  7089  7049  6900  6955  6775  6927  7013  6970  6982  6997  7086  6924  7119  7132  6997  6869  6876  6854  6879  6869  6903  7049  7199  6839  7031  6918  6778  6735  6888  6924  6888  7049  6912  6997  6854  6812  6821  6933  
35: 6892  6937  6866  6788  6734  6803  6843  6915  6976  6923  6943  7064  6961  6923  6933  6866  6858  6949  6920  6915  7005  6943  7126  6927  6981  6768  6849  6816  6815  6943  6943  6980  6838  7050  6852  6765  6810  6883  6875  6935  6880  6951  7028  6983  6862  6740  6852  6869  6865  6985  
36: 6909  6940  6961  6952  6952  6985  7010  7034  7058  7058  6973  6876  6885  6985  6952  6961  6860  6796  6936  6833  6821  6879  6866  6778  6879  6882  6903  6851  6848  6842  6903  6933  6943  6863  6851  6879  6799  6863  6891  6885  6821  6854  6851  6824  6723  6732  6799  6879  6888  6897  
37: 6983  7094  6888  6780  6809  6916  6968  7055  6946  6935  7071  7101  6813  6852  6888  6885  6799  6901  7054  7043  7022  7076  6996  7042  6982  6871  6929  6871  6881  6992  6987  6986  7004  6948  6941  6876  6815  6940  6844  6807  6883  6916  7012  7003  7078  6933  6975  6946  7082  6986  
38: 6909  6822  6837  6903  6935  6863  6836  6869  6929  7165  6970  6829  6826  6846  6922  6866  6843  6870  7009  7169  7123  6926  6948  6866  6842  6776  6865  6842  6940  7103  7121  7140  6983  6984  6994  6849  6793  6812  6828  6787  6838  6958  6969  7035  7060  6875  6797  6831  6878  6768  
39: 7005  7027  7013  6949  6897  6987  6890  6922  6930  6919  6959  6976  6995  6966  7091  7080  6911  6966  6807  6954  6876  6893  6927  6967  6964  6989  7012  6952  6975  6932  6932  6877  6877  6919  6941  6994  6990  7003  6963  6886  7021  6922  6943  6922  6871  6934  6929  6954  6995  7042  
40: 6878  6833  6850  6841  6808  6819  6872  6825  6877  6941  6816  6885  6799  6788  6792  6810  6830  6805  6823  6847  6904  6936  6947  6819  6715  6740  6825  6792  6816  6843  6853  6856  6868  7024  6906  6794  6879  6918  6874  6810  6812  6822  6803  6854  6865  6902  6887  6837  6791  6895  
41: 7680  7610  7420  7380  7340  7400  7450  7800  7600  7420  7740  7900  7800  7560  7530  7360  7260  7610  7820  7670  7650  7690  7530  7540  7560  7740  7600  7270  7430  7430  7520  7520  7660  7590  7510  7700  7500  7540  7240  7420  7590  7560  7660  7660  7790  7500  7590  7520  7600  7720  
42: 7239  7460  7217  7064  6807  6916  7160  7085  7203  7248  7174  7412  7223  7357  7052  7033  6887  7050  7219  7420  7261  7133  7185  7205  7377  7161  7170  7091  6992  7277  7321  7304  7253  7514  7231  7033  7028  7222  7183  6893  7044  7002  7117  7277  7310  7230  7072  7321  7265  7316  
43: 6893  6928  6843  6926  7004  6993  6978  6882  6870  6950  6983  6895  6881  6948  6964  7043  7020  6982  6923  6961  6960  7000  6749  6953  6787  6793  6829  7006  6995  6919  6896  6783  6869  6931  6900  6792  6973  6905  6883  6956  6960  6892  6942  6908  6794  6779  6896  7018  7058  6892  
44: 7069  7129  7179  7129  7149  7209  7299  7379  7289  7339  7259  7449  7189  7119  6829  6919  7169  7099  7219  7259  7149  7349  7239  7399  7199  7389  7069  7059  6909  7059  7229  7399  7279  7189  7169  7159  7309  7159  7139  7119  7029  7279  7319  7269  7239  7479  7299  7039  7039  7169  
45: 6923  7040  6852  6859  6783  6902  7004  7097  7032  6939  6953  6888  7030  6853  6915  6905  6873  7011  7039  7018  7002  7181  7045  6845  6880  6845  6989  6796  6862  6891  6955  7009  7056  7002  6891  7014  6988  6945  6774  6870  6920  6969  7055  7045  7024  6934  6829  7026  6855  6859  
46: 6345  6515  6555  6455  6555  6635  6595  6655  6625  6595  6585  6395  6615  6675  6535  6475  6515  6495  6565  6585  6525  6605  6555  6495  6575  6675  6485  6505  6535  6555  6635  6615  6615  6535  6845  6695  6565  6675  6475  6605  6495  6575  6675  6545  6635  6655  6625  6655  6515  6715  
47: 6905  6931  6896  6953  7043  6952  6996  7051  7001  6995  7066  6855  6838  6690  6796  6777  6904  6829  6910  6925  6946  6910  6962  6921  7106  7051  6796  6777  6892  6955  6930  7003  7067  6964  6925  6993  6857  6851  7038  6931  6983  6885  6953  6959  6939  7016  7132  6813  6892  7122  
48: 6827  6897  6997  6947  6967  7037  7087  7157  7107  7117  7077  7217  6997  6997  6747  6797  6977  6947  7037  7067  6957  7127  6997  7197  6967  7247  6927  6947  6767  6927  7057  7177  7107  7057  6957  6957  6877  7007  6917  6987  6887  7107  7107  7077  7037  7277  7177  6897  6877  6947  
49: 6874  6899  6857  6758  6764  6799  6947  7124  7008  6885  7037  6985  7275  6581  7011  6860  6839  6922  7074  7065  6951  7253  6927  6621  6865  6794  7019  6631  6862  6758  6997  7213  7188  7095  6925  7226  7010  6919  6678  6839  6846  6896  6924  7003  7059  7037  6893  7002  6802  6997  
Permutation: 3
 0: 6887  6916  6926  6878  6915  6930  7015  6995  6967  6893  6986  6887  6905  6889  6860  6884  6942  6934  7021  6989  7009  6964  6965  6897  7005  7052  7011  6899  6905  6916  7048  6972  7066  7005  6950  7085  7068  7028  6999  6981  6946  6984  7001  7055  7082  7086  7184  6927  6930  6869  
 1: 7099  6976  6858  6966  6977  7062  7105  7162  7242  7082  7013  7057  6918  6932  6946  7048  7107  7195  7291  7319  7149  7249  7126  7287  7068  6898  6953  7060  7143  7274  7093  7020  7237  7268  6868  6882  7057  7049  6928  7045  7207  7201  7220  7243  7139  7114  7107  7018  7079  7023  
 2: 7552  7472  7172  7332  7432  7452  7562  7562  7692  7452  7432  7472  7332  7312  7572  7472  7262  7452  7432  7552  7762  7792  7772  7822  7592  7952  7702  7202  7292  7322  7492  7632  7462  7312  7612  7702  7392  7102  7372  7502  7252  7312  7572  7552  7672  7632  7662  7582  7532  7672  
 3: 6874  6956  6956  6980  7002  6983  7081  7084  7005  6965  6938  6919  7014  7011  6925  6932  6968  6935  6938  6974  6874  6877  6935  7026  6971  6953  7035  6956  6938  6910  6968  6861  6904  6907  6992  7041  7090  7066  6999  6944  6977  6871  7032  6938  6916  6846  6989  7038  7032  6980  
 4: 7635  7725  7843  7869  7875  7837  7401  7223  7488  7555  7602  7507  7507  7776  7786  7828  7458  7549  7575  7350  7395  7655  7574  7545  7666  7653  7575  7848  7781  7348  7202  7410  7432  7486  7762  7739  7665  7527  7454  7880  7553  7656  7577  7500  7496  7536  7667  7753  7630  7701  
 5: 6718  6668  6648  6648  6748  6768  6808  6768  6768  6748  6748  6838  6758  6728  6778  6858  6938  6988  6938  6858  6758  6728  6728  6808  6768  6738  6688  6788  6788  6828  6878  6848  6718  6738  6738  6738  6698  6698  6748  6698  6778  6798  6858  6858  6748  6698  6728  6728  6688  6758  
 6: 6885  6790  6839  6732  6879  6815  6930  6979  6946  7083  7223  6982  7089  7049  6900  6955  6775  6927  7013  6970  6982  6997  7086  6924  7119  7132  6997  6869  6876  6854  6879  6869  6903  7049  7199  6839  7031  6918  6778  6735  6888  6924  6888  7049  6912  6997  6854  6812  6821  6933  
 7: 6827  6897  6997  6947  6967  7037  7087  7157  7107  7117  7077  7217  6997  6997  6747  6797  6977  6947  7037  7067  6957  7127  6997  7197  6967  7247  6927  6947  6767  6927  7057  7177  7107  7057  6957  6957  6877  7007  6917  6987  6887  7107  7107  7077  7037  7277  7177  6897  6877  6947  
 8: 7239  7460  7217  7064  6807  6916  7160  7085  7203  7248  7174  7412  7223  7357  7052  7033  6887  7050  7219  7420  7261  7133  7185  7205  7377  7161  7170  7091  6992  7277  7321  7304  7253  7514  7231  7033  7028  7222  7183  6893  7044  7002  7117  7277  7310  7230  7072  7321  7265  7316  
 9: 7680  7610  7420  7380  7340  7400  7450  7800  7600  7420  7740  7900  7800  7560  7530  7360  7260  7610  7820  7670  7650  7690  7530  7540  7560  7740  7600  7270  7430  7430  7520  7520  7660  7590  7510  7700  7500  7540  7240  7420  7590  7560  7660  7660  7790  7500  7590  7520  7600  7720  
10: 6721  6721  6666  6712  6766  6645  6693  6727  6678  6654  6678  6709  6721  6684  6709  6727  6797  6788  6742  6763  6745  6684  6718  6724  6742  6696  6690  6687  6733  6766  6730  6675  6663  6605  6693  6721  6724  6712  6715  6721  6782  6736  6763  6776  6727  6690  6702  6760  6727  6715  
11: 6878  6833  6850  6841  6808  6819  6872  6825  6877  6941  6816  6885  6799  6788  6792  6810  6830  6805  6823  6847  6904  6936  6947  6819  6715  6740  6825  6792  6816  6843  6853  6856  6868  7024  6906  6794  6879  6918  6874  6810  6812  6822  6803  6854  6865  6902  6887  6837  6791  6895  
12: 6787  6718  6739  6793  6707  6861  6871  6901  6879  6853  6744  7010  6894  6757  6758  6762  6702  6741  6895  6914  6874  6730  6784  6756  6779  6770  6955  6868  6712  6822  6860  6964  6876  6850  6795  6866  6924  6849  6779  6795  6649  6681  6838  6833  6954  6798  6649  6801  6767  6490  
13: 6814  6589  6519  6529  6679  6624  6699  6734  6634  6804  6734  6624  6894  6919  6604  6659  6694  6724  6809  6854  6854  6614  7024  6964  6759  6834  6569  6804  6594  6654  6784  6679  6799  6804  6844  6834  6739  6909  6714  6634  6584  6639  6659  6769  6719  6874  6754  6939  6644  6939  
14: 7069  7129  7179  7129  7149  7209  7299  7379  7289  7339  7259  7449  7189  7119  6829  6919  7169  7099  7219  7259  7149  7349  7239  7399  7199  7389  7069  7059  6909  7059  7229  7399  7279  7189  7169  7159  7309  7159  7139  7119  7029  7279  7319  7269  7239  7479  7299  7039  7039  7169  
15: 6797  6562  6502  6532  6652  6617  6732  6727  6682  6792  6752  6632  7002  6972  6572  6592  6627  6732  6847  6872  6927  6567  7107  6927  6757  6907  6527  6927  6607  6677  6842  6747  6822  6842  6877  6857  6687  6992  6827  6702  6662  6732  6702  6832  6717  6927  6767  6952  6622  6962  
16: 6909  6940  6961  6952  6952  6985  7010  7034  7058  7058  6973  6876  6885  6985  6952  6961  6860  6796  6936  6833  6821  6879  6866  6778  6879  6882  6903  6851  6848  6842  6903  6933  6943  6863  6851  6879  6799  6863  6891  6885  6821  6854  6851  6824  6723  6732  6799  6879  6888  6897  
17: 6874  6899  6857  6758  6764  6799  6947  7124  7008  6885  7037  6985  7275  6581  7011  6860  6839  6922  7074  7065  6951  7253  6927  6621  6865  6794  7019  6631  6862  6758  6997  7213  7188  7095  6925  7226  7010  6919  6678  6839  6846  6896  6924  7003  7059  7037  6893  7002  6802  6997  
18: 6983  7094  6888  6780  6809  6916  6968  7055  6946  6935  7071  7101  6813  6852  6888  6885  6799  6901  7054  7043  7022  7076  6996  7042  6982  6871  6929  6871  6881  6992  6987  6986  7004  6948  6941  6876  6815  6940  6844  6807  6883  6916  7012  7003  7078  6933  6975  6946  7082  6986  
19: 6893  6928  6843  6926  7004  6993  6978  6882  6870  6950  6983  6895  6881  6948  6964  7043  7020  6982  6923  6961  6960  7000  6749  6953  6787  6793  6829  7006  6995  6919  6896  6783  6869  6931  6900  6792  6973  6905  6883  6956  6960  6892  6942  6908  6794  6779  6896  7018  7058  6892  
20: 6841  6931  7001  6951  6951  7041  7111  7171  7141  7161  7081  7261  6991  6971  6621  6711  6951  6941  7051  7091  6991  7181  7041  7221  7011  7281  6901  6931  6741  6911  7081  7251  7131  7081  7001  6961  7111  7011  6941  6991  6881  7121  7151  7091  7051  7331  7171  6911  6911  6981  
21: 5999  5939  5929  5999  6099  6249  6149  6049  5919  5829  5819  6009  6059  6099  6099  6129  6179  6219  6189  6199  6099  6059  6189  6229  6069  6029  6179  6159  6269  6239  6259  6149  6099  6029  6159  6219  6219  6199  6229  6369  6429  6439  6359  6259  6129  6049  6049  6089  6229  6099  
22: 6757  6764  6800  6977  6861  6921  6897  6911  6911  6901  6873  6919  6778  6795  6842  6874  6915  6844  6867  6960  6926  7005  6974  6864  6941  6810  6835  6843  6852  6928  6875  6888  6861  6936  6947  7000  6854  6717  6802  6866  6842  6848  6872  6913  6917  6931  7041  6969  6810  6915  
23: 6937  7066  7043  7044  6951  7023  6926  6880  6866  6961  7017  7050  7038  6990  7027  6933  7089  6839  6977  6934  6928  6972  7005  7017  6984  7157  7062  6932  6986  6824  6997  6858  6900  6924  7000  7006  7052  7047  6972  7052  6991  6906  6901  6885  6909  6962  7000  7031  7023  6989  
24: 6922  6864  6951  6861  6771  6842  6904  6908  6974  7075  7100  7201  7199  7193  6901  7025  6899  6828  6828  6926  6928  7092  7031  7174  7006  7093  7018  6926  6765  6904  6824  6864  7111  7157  7122  7028  7001  6967  6956  6943  6874  6921  6952  6945  7012  7062  7052  7235  7119  6992  
25: 6245  6880  6700  6775  6580  6685  6695  6745  6655  6665  6865  6575  6760  6720  6650  6580  6625  6705  6675  6680  6575  6675  6660  6690  6535  7045  6655  6660  6625  6655  6690  6720  6620  6745  6785  6780  6600  6625  6675  6730  6685  6705  6680  6780  6690  6785  6785  6595  6800  6860  
26: 6995  7033  7015  6930  6835  6758  6783  6803  6848  6905  6888  6996  6976  6991  6994  6952  6854  6745  6778  6809  6833  6927  6980  6998  6999  6984  7027  6915  6916  6773  6788  6810  6884  6938  6929  6994  7000  7005  6987  6878  6763  6791  6813  6783  6842  6945  6977  6960  6970  7005  
27: 6923  7040  6852  6859  6783  6902  7004  7097  7032  6939  6953  6888  7030  6853  6915  6905  6873  7011  7039  7018  7002  7181  7045  6845  6880  6845  6989  6796  6862  6891  6955  7009  7056  7002  6891  7014  6988  6945  6774  6870  6920  6969  7055  7045  7024  6934  6829  7026  6855  6859  
28: 6781  6521  6641  6801  6761  6731  6961  6831  6881  6671  6671  7191  7101  6971  6751  6691  6781  6991  7001  6931  7051  7011  6941  6851  6811  6971  6871  6841  6791  6811  6881  7071  7101  6931  6781  6881  6991  6441  6481  6731  6681  6701  6971  6951  6981  7061  6971  6931  6931  6911  
29: 7295  7237  7412  7341  7297  7522  7234  6991  7068  7171  7148  7268  7374  7395  7368  7192  7375  7420  7321  7303  7155  7130  7182  7240  7349  7381  7368  7331  7272  7336  7239  7007  7018  7044  7262  7216  7365  7393  7334  7434  7384  7345  7252  7152  7130  7036  7136  7232  7299  7425  
30: 6799  6939  6959  6859  6919  6829  6826  6779  6719  6619  6709  6769  6759  6779  6799  6899  7029  6859  6949  6839  6939  6619  6639  6819  6879  6849  6869  6889  6999  6979  6899  6879  6949  6739  6839  6739  6729  6789  6779  6899  6909  6999  6919  6849  6819  6599  6659  6699  6739  6809  
31: 6845  6882  6843  6801  6861  6754  6773  6819  6825  6870  6794  6859  6839  6833  6919  6832  6857  6792  6737  6804  6799  6826  6805  6822  6845  6873  6898  6977  6842  6847  6881  6932  6867  6862  6911  6803  6895  6884  6909  6813  6850  6858  6846  6870  6856  6907  6955  6929  6880  6876  
32: 6892  6937  6866  6788  6734  6803  6843  6915  6976  6923  6943  7064  6961  6923  6933  6866  6858  6949  6920  6915  7005  6943  7126  6927  6981  6768  6849  6816  6815  6943  6943  6980  6838  7050  6852  6765  6810  6883  6875  6935  6880  6951  7028  6983  6862  6740  6852  6869  6865  6985  
33: 6345  6515  6555  6455  6555  6635  6595  6655  6625  6595  6585  6395  6615  6675  6535  6475  6515  6495  6565  6585  6525  6605  6555  6495  6575  6675  6485  6505  6535  6555  6635  6615  6615  6535  6845  6695  6565  6675  6475  6605  6495  6575  6675  6545  6635  6655  6625  6655  6515  6715  
34: 7093  6688  6493  6723  6533  6818  6893  6793  6883  7073  6958  7033  7008  6783  6788  6738  6683  6968  6928  7068  6758  6918  6718  6313  6763  6688  6653  6638  6738  6778  6798  6923  6908  7063  6938  7238  6848  7183  6948  6743  6773  6803  6963  6793  6853  6823  6698  6858  6523  6883  
35: 6909  6822  6837  6903  6935  6863  6836  6869  6929  7165  6970  6829  6826  6846  6922  6866  6843  6870  7009  7169  7123  6926  6948  6866  6842  6776  6865  6842  6940  7103  7121  7140  6983  6984  6994  6849  6793  6812  6828  6787  6838  6958  6969  7035  7060  6875  6797  6831  6878  6768  
36: 6639  6739  6779  6779  6689  6679  6679  6689  6669  6729  6719  6799  6769  6779  6809  6739  6669  6699  6769  6719  6719  6809  6779  6789  6749  6789  6939  6859  6789  6759  6699  6859  6719  6749  6679  6689  6779  6819  6799  6859  6789  6769  6649  6699  6739  6729  6699  6689  6719  6779  
37: 6957  6944  7084  6898  6859  6953  6736  6949  7096  6828  6804  6968  6978  6956  6961  6846  6947  6807  6738  6710  7127  6790  6855  6893  7004  6781  6963  6869  6908  6914  6857  6779  6866  6883  6882  7013  7020  6963  7020  6834  6991  6870  6794  6928  6860  6850  6842  6843  6955  6854  
38: 7000  7070  7000  6950  7040  7090  7080  7000  6970  6900  6980  7000  6910  6860  6840  6900  7010  7020  6930  6910  6850  6780  6740  6780  6830  6900  6920  6990  7030  7080  7080  7040  6970  6900  6940  6960  7000  6950  6870  6940  7010  6990  6980  7010  7040  7030  6940  6940  7000  6920  
39: 7051  7051  7013  7208  7173  7299  7279  7462  7399  7115  7465  7050  6877  6904  6720  6866  7051  7223  7443  7506  7314  7412  7013  6544  6522  7148  7168  7224  7186  7327  7235  7330  7368  7117  7066  7270  7145  6995  7177  7062  6962  7187  7354  7327  7306  7207  6929  6874  7077  7093  
40: 6905  6931  6896  6953  7043  6952  6996  7051  7001  6995  7066  6855  6838  6690  6796  6777  6904  6829  6910  6925  6946  6910  6962  6921  7106  7051  6796  6777  6892  6955  6930  7003  7067  6964  6925  6993  6857  6851  7038  6931  6983  6885  6953  6959  6939  7016  7132  6813  6892  7122  
41: 7011  6819  6806  6764  6669  6733  6819  6727  6681  6809  6724  6681  6776  6785  6788  6895  6861  6825  6886  6831  6803  6819  6764  6886  7041  7035  7059  6858  6791  6794  6806  6880  6864  6968  6685  6755  6752  6764  6776  6773  6880  6840  6934  6907  6861  6770  6800  6721  6782  6712  
42: 6819  6942  6980  6958  7015  6892  6865  6945  6884  6972  6916  6838  6948  6907  6961  6943  7007  7055  6935  6854  6942  6920  6861  6885  6922  6917  6993  6920  6946  6906  6967  6915  6805  6953  6941  6885  6932  6949  6951  6864  6991  7113  6918  6928  6946  6915  6936  7021  6856  6882  
43: 7005  7027  7013  6949  6897  6987  6890  6922  6930  6919  6959  6976  6995  6966  7091  7080  6911  6966  6807  6954  6876  6893  6927  6967  6964  6989  7012  6952  6975  6932  6932  6877  6877  6919  6941  6994  6990  7003  6963  6886  7021  6922  6943  6922  6871  6934  6929  6954  6995  7042  
44: 6750  6650  6770  6770  6770  6870  6880  6840  6720  6840  6690  6890  6790  6700  6710  6730  6710  6770  6790  6830  6840  6750  6710  6890  6570  6720  6750  6650  6730  6810  6800  6830  6840  6770  6740  6600  6820  6710  6650  6670  6810  6770  6850  6830  6750  6870  6770  6650  6810  6900  
45: 7254  7424  7114  7094  6964  7114  7284  7454  7334  7234  7204  7204  7374  7214  7204  7194  7104  7344  7394  7334  7284  7534  7374  7094  7094  7224  7304  7004  7124  7094  7214  7344  7344  7294  7154  7324  7354  7304  6944  7154  7234  7254  7394  7324  7334  7224  7084  7294  7124  7124  
46: 6790  6866  6878  6918  6863  6857  6896  6820  6801  6835  6783  6799  6802  6881  6857  6908  6915  6933  6881  6765  6820  6820  6908  6832  6863  6905  6893  6890  6976  6918  6899  6808  6750  6817  6820  6823  6835  6863  6851  6899  6872  6951  6869  6790  6790  6841  6832  6869  6887  6896  
47: 6829  6859  6779  6734  6824  6814  6859  6884  6849  6794  6839  6824  6939  6604  6829  6674  6729  6724  6849  6899  6839  6809  6739  6734  6854  6889  6694  6889  6819  6799  6864  6909  6819  6889  6874  6784  6674  6794  6889  6944  6864  6844  6929  6934  6879  6834  6804  6754  6759  6844  
48: 6855  6505  6585  6515  6655  6645  6715  6705  6665  6695  6705  6575  6855  6895  6485  6525  6635  6645  6785  6805  6805  6565  7045  6925  6685  6905  6545  6845  6605  6705  6825  6685  6805  6865  6965  6815  6655  6955  6715  6645  6605  6705  6705  6765  6695  6875  6805  6705  6575  6945  
49: 7227  7037  7197  6947  7107  7227  7417  7317  7367  7467  7387  7327  7437  7227  7247  7017  7167  7187  7237  7237  7157  7357  7587  7707  7437  7047  7067  7147  7187  7267  7377  7557  7287  7127  7367  7327  7607  7527  7587  7227  7187  7287  7237  7397  7227  6877  7047  6867  7047  6987  
Permutation: 4
 0: 6721  6721  6666  6712  6766  6645  6693  6727  6678  6654  6678  6709  6721  6684  6709  6727  6797  6788  6742  6763  6745  6684  6718  6724  6742  6696  6690  6687  6733  6766  6730  6675  6663  6605  6693  6721  6724  6712  6715  6721  6782  6736  6763  6776  6727  6690  6702  6760  6727  6715  
 1: 5999  5939  5929  5999  6099  6249  6149  6049  5919  5829  5819  6009  6059  6099  6099  6129  6179  6219  6189  6199  6099  6059  6189  6229  6069  6029  6179  6159  6269  6239  6259  6149  6099  6029  6159  6219  6219  6199  6229  6369  6429  6439  6359  6259  6129  6049  6049  6089  6229  6099  
 2: 6245  6880  6700  6775  6580  6685  6695  6745  6655  6665  6865  6575  6760  6720  6650  6580  6625  6705  6675  6680  6575  6675  6660  6690  6535  7045  6655  6660  6625  6655  6690  6720  6620  6745  6785  6780  6600  6625  6675  6730  6685  6705  6680  6780  6690  6785  6785  6595  6800  6860  
 3: 7635  7725  7843  7869  7875  7837  7401  7223  7488  7555  7602  7507  7507  7776  7786  7828  7458  7549  7575  7350  7395  7655  7574  7545  7666  7653  7575  7848  7781  7348  7202  7410  7432  7486  7762  7739  7665  7527  7454  7880  7553  7656  7577  7500  7496  7536  7667  7753  7630  7701  
 4: 7099  6976  6858  6966  6977  7062  7105  7162  7242  7082  7013  7057  6918  6932  6946  7048  7107  7195  7291  7319  7149  7249  7126  7287  7068  6898  6953  7060  7143  7274  7093  7020  7237  7268  6868  6882  7057  7049  6928  7045  7207  7201  7220  7243  7139  7114  7107  7018  7079  7023  
 5: 6814  6589  6519  6529  6679  6624  6699  6734  6634  6804  6734  6624  6894  6919  6604  6659  6694  6724  6809  6854  6854  6614  7024  6964  6759  6834  6569  6804  6594  6654  6784  6679  6799  6804  6844  6834  6739  6909  6714  6634  6584  6639  6659  6769  6719  6874  6754  6939  6644  6939  
 6: 7093  6688  6493  6723  6533  6818  6893  6793  6883  7073  6958  7033  7008  6783  6788  6738  6683  6968  6928  7068  6758  6918  6718  6313  6763  6688  6653  6638  6738  6778  6798  6923  6908  7063  6938  7238  6848  7183  6948  6743  6773  6803  6963  6793  6853  6823  6698  6858  6523  6883  
 7: 6855  6505  6585  6515  6655  6645  6715  6705  6665  6695  6705  6575  6855  6895  6485  6525  6635  6645  6785  6805  6805  6565  7045  6925  6685  6905  6545  6845  6605  6705  6825  6685  6805  6865  6965  6815  6655  6955  6715  6645  6605  6705  6705  6765  6695  6875  6805  6705  6575  6945  
 8: 6819  6942  6980  6958  7015  6892  6865  6945  6884  6972  6916  6838  6948  6907  6961  6943  7007  7055  6935  6854  6942  6920  6861  6885  6922  6917  6993  6920  6946  6906  6967  6915  6805  6953  6941  6885  6932  6949  6951  6864  6991  7113  6918  6928  6946  6915  6936  7021  6856  6882  
 9: 7011  6819  6806  6764  6669  6733  6819  6727  6681  6809  6724  6681  6776  6785  6788  6895  6861  6825  6886  6831  6803  6819  6764  6886  7041  7035  7059  6858  6791  6794  6806  6880  6864  6968  6685  6755  6752  6764  6776  6773  6880  6840  6934  6907  6861  6770  6800  6721  6782  6712  
10: 6874  6899  6857  6758  6764  6799  6947  7124  7008  6885  7037  6985  7275  6581  7011  6860  6839  6922  7074  7065  6951  7253  6927  6621  6865  6794  7019  6631  6862  6758  6997  7213  7188  7095  6925  7226  7010  6919  6678  6839  6846  6896  6924  7003  7059  7037  6893  7002  6802  6997  
11: 6905  6931  6896  6953  7043  6952  6996  7051  7001  6995  7066  6855  6838  6690  6796  6777  6904  6829  6910  6925  6946  6910  6962  6921  7106  7051  6796  6777  6892  6955  6930  7003  7067  6964  6925  6993  6857  6851  7038  6931  6983  6885  6953  6959  6939  7016  7132  6813  6892  7122  
12: 6874  6956  6956  6980  7002  6983  7081  7084  7005  6965  6938  6919  7014  7011  6925  6932  6968  6935  6938  6974  6874  6877  6935  7026  6971  6953  7035  6956  6938  6910  6968  6861  6904  6907  6992  7041  7090  7066  6999  6944  6977  6871  7032  6938  6916  6846  6989  7038  7032  6980  
13: 7552  7472  7172  7332  7432  7452  7562  7562  7692  7452  7432  7472  7332  7312  7572  7472  7262  7452  7432  7552  7762  7792  7772  7822  7592  7952  7702  7202  7292  7322  7492  7632  7462  7312  7612  7702  7392  7102  7372  7502  7252  7312  7572  7552  7672  7632  7662  7582  7532  7672  
14: 6750  6650  6770  6770  6770  6870  6880  6840  6720  6840  6690  6890  6790  6700  6710  6730  6710  6770  6790  6830  6840  6750  6710  6890  6570  6720  6750  6650  6730  6810  6800  6830  6840  6770  6740  6600  6820  6710  6650  6670  6810  6770  6850  6830  6750  6870  6770  6650  6810  6900  
15: 6827  6897  6997  6947  6967  7037  7087  7157  7107  7117  7077  7217  6997  6997  6747  6797  6977  6947  7037  7067  6957  7127  6997  7197  6967  7247  6927  6947  6767  6927  7057  7177  7107  7057  6957  6957  6877  7007  6917  6987  6887  7107  7107  7077  7037  7277  7177  6897  6877  6947  
16: 6639  6739  6779  6779  6689  6679  6679  6689  6669  6729  6719  6799  6769  6779  6809  6739  6669  6699  6769  6719  6719  6809  6779  6789  6749  6789  6939  6859  6789  6759  6699  6859  6719  6749  6679  6689  6779  6819  6799  6859  6789  6769  6649  6699  6739  6729  6699  6689  6719  6779  
17: 7227  7037  7197  6947  7107  7227  7417  7317  7367  7467  7387  7327  7437  7227  7247  7017  7167  7187  7237  7237  7157  7357  7587  7707  7437  7047  7067  7147  7187  7267  7377  7557  7287  7127  7367  7327  7607  7527  7587  7227  7187  7287  7237  7397  7227  6877  7047  6867  7047  6987  
18: 6957  6944  7084  6898  6859  6953  6736  6949  7096  6828  6804  6968  6978  6956  6961  6846  6947  6807  6738  6710  7127  6790  6855  6893  7004  6781  6963  6869  6908  6914  6857  6779  6866  6883  6882  7013  7020  6963  7020  6834  6991  6870  6794  6928  6860  6850  6842  6843  6955  6854  
19: 7005  7027  7013  6949  6897  6987  6890  6922  6930  6919  6959  6976  6995  6966  7091  7080  6911  6966  6807  6954  6876  6893  6927  6967  6964  6989  7012  6952  6975  6932  6932  6877  6877  6919  6941  6994  6990  7003  6963  6886  7021  6922  6943  6922  6871  6934  6929  6954  6995  7042  
20: 6937  7066  7043  7044  6951  7023  6926  6880  6866  6961  7017  7050  7038  6990  7027  6933  7089  6839  6977  6934  6928  6972  7005  7017  6984  7157  7062  6932  6986  6824  6997  6858  6900  6924  7000  7006  7052  7047  6972  7052  6991  6906  6901  6885  6909  6962  7000  7031  7023  6989  
21: 6923  7040  6852  6859  6783  6902  7004  7097  7032  6939  6953  6888  7030  6853  6915  6905  6873  7011  7039  7018  7002  7181  7045  6845  6880  6845  6989  6796  6862  6891  6955  7009  7056  7002  6891  7014  6988  6945  6774  6870  6920  6969  7055  7045  7024  6934  6829  7026  6855  6859  
22: 6995  7033  7015  6930  6835  6758  6783  6803  6848  6905  6888  6996  6976  6991  6994  6952  6854  6745  6778  6809  6833  6927  6980  6998  6999  6984  7027  6915  6916  6773  6788  6810  6884  6938  6929  6994  7000  7005  6987  6878  6763  6791  6813  6783  6842  6945  6977  6960  6970  7005  
23: 6892  6937  6866  6788  6734  6803  6843  6915  6976  6923  6943  7064  6961  6923  6933  6866  6858  6949  6920  6915  7005  6943  7126  6927  6981  6768  6849  6816  6815  6943  6943  6980  6838  7050  6852  6765  6810  6883  6875  6935  6880  6951  7028  6983  6862  6740  6852  6869  6865  6985  
24: 6781  6521  6641  6801  6761  6731  6961  6831  6881  6671  6671  7191  7101  6971  6751  6691  6781  6991  7001  6931  7051  7011  6941  6851  6811  6971  6871  6841  6791  6811  6881  7071  7101  6931  6781  6881  6991  6441  6481  6731  6681  6701  6971  6951  6981  7061  6971  6931  6931  6911  
25: 7069  7129  7179  7129  7149  7209  7299  7379  7289  7339  7259  7449  7189  7119  6829  6919  7169  7099  7219  7259  7149  7349  7239  7399  7199  7389  7069  7059  6909  7059  7229  7399  7279  7189  7169  7159  7309  7159  7139  7119  7029  7279  7319  7269  7239  7479  7299  7039  7039  7169  
26: 6845  6882  6843  6801  6861  6754  6773  6819  6825  6870  6794  6859  6839  6833  6919  6832  6857  6792  6737  6804  6799  6826  6805  6822  6845  6873  6898  6977  6842  6847  6881  6932  6867  6862  6911  6803  6895  6884  6909  6813  6850  6858  6846  6870  6856  6907  6955  6929  6880  6876  
27: 7254  7424  7114  7094  6964  7114  7284  7454  7334  7234  7204  7204  7374  7214  7204  7194  7104  7344  7394  7334  7284  7534  7374  7094  7094  7224  7304  7004  7124  7094  7214  7344  7344  7294  7154  7324  7354  7304  6944  7154  7234  7254  7394  7324  7334  7224  7084  7294  7124  7124  
28: 6841  6931  7001  6951  6951  7041  7111  7171  7141  7161  7081  7261  6991  6971  6621  6711  6951  6941  7051  7091  6991  7181  7041  7221  7011  7281  6901  6931  6741  6911  7081  7251  7131  7081  7001  6961  7111  7011  6941  6991  6881  7121  7151  7091  7051  7331  7171  6911  6911  6981  
29: 6757  6764  6800  6977  6861  6921  6897  6911  6911  6901  6873  6919  6778  6795  6842  6874  6915  6844  6867  6960  6926  7005  6974  6864  6941  6810  6835  6843  6852  6928  6875  6888  6861  6936  6947  7000  6854  6717  6802  6866  6842  6848  6872  6913  6917  6931  7041  6969  6810  6915  
30: 6887  6916  6926  6878  6915  6930  7015  6995  6967  6893  6986  6887  6905  6889  6860  6884  6942  6934  7021  6989  7009  6964  6965  6897  7005  7052  7011  6899  6905  6916  7048  6972  7066  7005  6950  7085  7068  7028  6999  6981  6946  6984  7001  7055  7082  7086  7184  6927  6930  6869  
31: 7295  7237  7412  7341  7297  7522  7234  6991  7068  7171  7148  7268  7374  7395  7368  7192  7375  7420  7321  7303  7155  7130  7182  7240  7349  7381  7368  7331  7272  7336  7239  7007  7018  7044  7262  7216  7365  7393  7334  7434  7384  7345  7252  7152  7130  7036  7136  7232  7299  7425  
32: 6909  6822  6837  6903  6935  6863  6836  6869  6929  7165  6970  6829  6826  6846  6922  6866  6843  6870  7009  7169  7123  6926  6948  6866  6842  6776  6865  6842  6940  7103  7121  7140  6983  6984  6994  6849  6793  6812  6828  6787  6838  6958  6969  7035  7060  6875  6797  6831  6878  6768  
33: 6790  6866  6878  6918  6863  6857  6896  6820  6801  6835  6783  6799  6802  6881  6857  6908  6915  6933  6881  6765  6820  6820  6908  6832  6863  6905  6893  6890  6976  6918  6899  6808  6750  6817  6820  6823  6835  6863  6851  6899  6872  6951  6869  6790  6790  6841  6832  6869  6887  6896  
34: 6787  6718  6739  6793  6707  6861  6871  6901  6879  6853  6744  7010  6894  6757  6758  6762  6702  6741  6895  6914  6874  6730  6784  6756  6779  6770  6955  6868  6712  6822  6860  6964  6876  6850  6795  6866  6924  6849  6779  6795  6649  6681  6838  6833  6954  6798  6649  6801  6767  6490  
35: 7000  7070  7000  6950  7040  7090  7080  7000  6970  6900  6980  7000  6910  6860  6840  6900  7010  7020  6930  6910  6850  6780  6740  6780  6830  6900  6920  6990  7030  7080  7080  7040  6970  6900  6940  6960  7000  6950  6870  6940  7010  6990  6980  7010  7040  7030  6940  6940  7000  6920  
36: 6797  6562  6502  6532  6652  6617  6732  6727  6682  6792  6752  6632  7002  6972  6572  6592  6627  6732  6847  6872  6927  6567  7107  6927  6757  6907  6527  6927  6607  6677  6842  6747  6822  6842  6877  6857  6687  6992  6827  6702  6662  6732  6702  6832  6717  6927  6767  6952  6622  6962  
37: 6345  6515  6555  6455  6555  6635  6595  6655  6625  6595  6585  6395  6615  6675  6535  6475  6515  6495  6565  6585  6525  6605  6555  6495  6575  6675  6485  6505  6535  6555  6635  6615  6615  6535  6845  6695  6565  6675  6475  6605  6495  6575  6675  6545  6635  6655  6625  6655  6515  6715  
38: 6922  6864  6951  6861  6771  6842  6904  6908  6974  7075  7100  7201  7199  7193  6901  7025  6899  6828  6828  6926  6928  7092  7031  7174  7006  7093  7018  6926  6765  6904  6824  6864  7111  7157  7122  7028  7001  6967  6956  6943  6874  6921  6952  6945  7012  7062  7052  7235  7119  6992  
39: 7239  7460  7217  7064  6807  6916  7160  7085  7203  7248  7174  7412  7223  7357  7052  7033  6887  7050  7219  7420  7261  7133  7185  7205  7377  7161  7170  7091  6992  7277  7321  7304  7253  7514  7231  7033  7028  7222  7183  6893  7044  7002  7117  7277  7310  7230  7072  7321  7265  7316  
40: 6829  6859  6779  6734  6824  6814  6859  6884  6849  6794  6839  6824  6939  6604  6829  6674  6729  6724  6849  6899  6839  6809  6739  6734  6854  6889  6694  6889  6819  6799  6864  6909  6819  6889  6874  6784  6674  6794  6889  6944  6864  6844  6929  6934  6879  6834  6804  6754  6759  6844  
41: 6878  6833  6850  6841  6808  6819  6872  6825  6877  6941  6816  6885  6799  6788  6792  6810  6830  6805  6823  6847  6904  6936  6947  6819  6715  6740  6825  6792  6816  6843  6853  6856  6868  7024  6906  6794  6879  6918  6874  6810  6812  6822  6803  6854  6865  6902  6887  6837  6791  6895  
42: 6983  7094  6888  6780  6809  6916  6968  7055  6946  6935  7071  7101  6813  6852  6888  6885  6799  6901  7054  7043  7022  7076  6996  7042  6982  6871  6929  6871  6881  6992  6987  6986  7004  6948  6941  6876  6815  6940  6844  6807  6883  6916  7012  7003  7078  6933  6975  6946  7082  6986  
43: 7051  7051  7013  7208  7173  7299  7279  7462  7399  7115  7465  7050  6877  6904  6720  6866  7051  7223  7443  7506  7314  7412  7013  6544  6522  7148  7168  7224  7186  7327  7235  7330  7368  7117  7066  7270  7145  6995  7177  7062  6962  7187  7354  7327  7306  7207  6929  6874  7077  7093  
44: 6885  6790  6839  6732  6879  6815  6930  6979  6946  7083  7223  6982  7089  7049  6900  6955  6775  6927  7013  6970  6982  6997  7086  6924  7119  7132  6997  6869  6876  6854  6879  6869  6903  7049  7199  6839  7031  6918  6778  6735  6888  6924  6888  7049  6912  6997  6854  6812  6821  6933  
45: 6893  6928  6843  6926  7004  6993  6978  6882  6870  6950  6983  6895  6881  6948  6964  7043  7020  6982  6923  6961  6960  7000  6749  6953  6787  6793  6829  7006  6995  6919  6896  6783  6869  6931  6900  6792  6973  6905  6883  6956  6960  6892  6942  6908  6794  6779  6896  7018  7058  6892  
46: 6718  6668  6648  6648  6748  6768  6808  6768  6768  6748  6748  6838  6758  6728  6778  6858  6938  6988  6938  6858  6758  6728  6728  6808  6768  6738  6688  6788  6788  6828  6878  6848  6718  6738  6738  6738  6698  6698  6748  6698  6778  6798  6858  6858  6748  6698  6728  6728  6688  6758  
47: 6799  6939  6959  6859  6919  6829  6826  6779  6719  6619  6709  6769  6759  6779  6799  6899  7029  6859  6949  6839  6939  6619  6639  6819  6879  6849  6869  6889  6999  6979  6899  6879  6949  6739  6839  6739  6729  6789  6779  6899  6909  6999  6919  6849  6819  6599  6659  6699  6739  6809  
48: 6909  6940  6961  6952  6952  6985  7010  7034  7058  7058  6973  6876  6885  6985  6952  6961  6860  6796  6936  6833  6821  6879  6866  6778  6879  6882  6903  6851  6848  6842  6903  6933  6943  6863  6851  6879  6799  6863  6891  6885  6821  6854  6851  6824  6723  6732  6799  6879  6888  6897  
49: 7680  7610  7420  7380  7340  7400  7450  7800  7600  7420  7740  7900  7800  7560  7530  7360  7260  7610  7820  7670  7650  7690  7530  7540  7560  7740  7600  7270  7430  7430  7520  7520  7660  7590  7510  7700  7500  7540  7240  7420  7590  7560  7660  7660  7790  7500  7590  7520  7600  7720  
